Data for Gregg and Carder sky irradiance model as extended to 800 nm for Hydrolight 4.0
Extraterrestrial solar irrad Fobar (W/cm2 um) is from Neckel & Labs for 701-801 nm
Ozone abs coef a_O3 (1/cm) is linearly interpolated from 10 nm band averages for 701-801
Oxygen a_O2 and water vapor a_H2O abs coefs (1/cm) are from modtran
wavel Fobar   a_O3   a_O2  a_H2O     wavel Fobar   a_O3   a_O2  a_H2O
 350  .0961  .0094  .0000  .0000      351  .0953  .0115  .0000  .0000
 352  .0949  .0092  .0000  .0000      353  .1056  .0059  .0000  .0000
 354  .1122  .0037  .0000  .0000      355  .1078  .0024  .0000  .0000
 356  .1047  .0016  .0000  .0000      357  .0879  .0010  .0000  .0000
 358  .0752  .0007  .0000  .0000      359  .0919  .0005  .0000  .0000
 360  .1062  .0003  .0000  .0000      361  .1054  .0002  .0000  .0000
 362  .1047  .0002  .0000  .0000      363  .1024  .0002  .0000  .0000
 364  .0998  .0001  .0000  .0000      365  .1108  .0001  .0000  .0000
 366  .1259  .0001  .0000  .0000      367  .1221  .0001  .0000  .0000
 368  .1156  .0001  .0000  .0000      369  .1184  .0001  .0000  .0000
 370  .1197  .0001  .0000  .0000      371  .1162  .0001  .0000  .0000
 372  .1144  .0001  .0000  .0000      373  .1027  .0001  .0000  .0000
 374  .0953  .0001  .0000  .0000      375  .1004  .0001  .0000  .0000
 376  .1004  .0001  .0000  .0000      377  .1317  .0001  .0000  .0000
 378  .1317  .0001  .0000  .0000      379  .1141  .0001  .0000  .0000
 380  .1139  .0000  .0000  .0000      381  .1115  .0000  .0000  .0000
 382  .1083  .0000  .0000  .0000      383  .0821  .0000  .0000  .0000
 384  .0858  .0000  .0000  .0000      385  .1029  .0000  .0000  .0000
 386  .1026  .0000  .0000  .0000      387  .0995  .0000  .0000  .0000
 388  .1010  .0000  .0000  .0000      389  .1145  .0000  .0000  .0000
 390  .1152  .0000  .0000  .0000      391  .1263  .0000  .0000  .0000
 392  .1115  .0000  .0000  .0000      393  .0733  .0000  .0000  .0000
 394  .0852  .0000  .0000  .0000      395  .1250  .0000  .0000  .0000
 396  .1071  .0000  .0000  .0000      397  .0853  .0000  .0000  .0000
 398  .1250  .0000  .0000  .0000      399  .1575  .0000  .0000  .0000
 400  .1674  .0000  .0000  .0000      401  .1721  .0000  .0000  .0000
 402  .1799  .0000  .0000  .0000      403  .1719  .0000  .0000  .0000
 404  .1638  .0000  .0000  .0000      405  .1651  .0000  .0000  .0000
 406  .1663  .0000  .0000  .0000      407  .1681  .0000  .0000  .0000
 408  .1698  .0000  .0000  .0000      409  .1650  .0000  .0000  .0000
 410  .1621  .0000  .0000  .0000      411  .1740  .0000  .0000  .0000
 412  .1812  .0000  .0000  .0000      413  .1755  .0000  .0000  .0000
 414  .1740  .0000  .0000  .0000      415  .1781  .0000  .0000  .0000
 416  .1791  .0000  .0000  .0000      417  .1715  .0000  .0000  .0000
 418  .1701  .0000  .0000  .0000      419  .1663  .0000  .0000  .0000
 420  .1724  .0000  .0000  .0000      421  .1823  .0000  .0000  .0000
 422  .1760  .0000  .0000  .0000      423  .1657  .0000  .0000  .0000
 424  .1693  .0001  .0000  .0000      425  .1748  .0002  .0000  .0000
 426  .1691  .0003  .0000  .0000      427  .1673  .0004  .0000  .0000
 428  .1656  .0006  .0000  .0000      429  .1650  .0008  .0000  .0000
 430  .1407  .0010  .0000  .0000      431  .1351  .0011  .0000  .0000
 432  .1727  .0013  .0000  .0000      433  .1805  .0015  .0000  .0000
 434  .1690  .0017  .0000  .0000      435  .1767  .0019  .0000  .0000
 436  .1835  .0020  .0000  .0000      437  .1845  .0022  .0000  .0000
 438  .1792  .0024  .0000  .0000      439  .1673  .0026  .0000  .0000
 440  .1711  .0027  .0000  .0000      441  .1796  .0028  .0000  .0000
 442  .1892  .0029  .0000  .0000      443  .1957  .0030  .0000  .0000
 444  .1961  .0030  .0000  .0000      445  .1963  .0029  .0000  .0000
 446  .1856  .0029  .0000  .0000      447  .1874  .0028  .0000  .0000
 448  .2036  .0028  .0000  .0000      449  .2054  .0028  .0000  .0000
 450  .2135  .0030  .0000  .0000      451  .2111  .0033  .0000  .0000
 452  .2004  .0038  .0000  .0000      453  .2007  .0043  .0000  .0000
 454  .2024  .0049  .0000  .0000      455  .2030  .0054  .0000  .0000
 456  .2066  .0060  .0000  .0000      457  .2060  .0066  .0000  .0000
 458  .2028  .0072  .0000  .0000      459  .2028  .0077  .0000  .0000
 460  .2029  .0082  .0000  .0000      461  .2039  .0086  .0000  .0000
 462  .2101  .0087  .0000  .0000      463  .2086  .0087  .0000  .0000
 464  .1992  .0085  .0000  .0000      465  .1987  .0082  .0000  .0000
 466  .1959  .0078  .0000  .0000      467  .1966  .0075  .0000  .0000
 468  .2010  .0073  .0000  .0000      469  .2001  .0072  .0000  .0000
 470  .1946  .0074  .0000  .0000      471  .1957  .0079  .0000  .0000
 472  .2022  .0087  .0000  .0000      473  .2025  .0097  .0000  .0000
 474  .2038  .0108  .0000  .0000      475  .2029  .0119  .0000  .0000
 476  .1982  .0131  .0000  .0000      477  .1996  .0143  .0000  .0000
 478  .2063  .0154  .0000  .0000      479  .2064  .0166  .0000  .0000
 480  .2067  .0177  .0000  .0000      481  .2065  .0187  .0000  .0000
 482  .2054  .0196  .0000  .0000      483  .2047  .0202  .0000  .0000
 484  .2011  .0205  .0000  .0000      485  .1950  .0203  .0000  .0000
 486  .1687  .0197  .0000  .0000      487  .1723  .0191  .0000  .0000
 488  .1874  .0185  .0000  .0000      489  .1949  .0182  .0000  .0000
 490  .1938  .0183  .0000  .0000      491  .1900  .0187  .0000  .0000
 492  .1909  .0193  .0000  .0000      493  .1941  .0201  .0000  .0000
 494  .1954  .0209  .0000  .0000      495  .2003  .0218  .0000  .0000
 496  .2003  .0228  .0000  .0000      497  .2003  .0239  .0000  .0000
 498  .1973  .0250  .0000  .0000      499  .1933  .0263  .0000  .0000
 500  .1871  .0279  .0000  .0000      501  .1832  .0297  .0000  .0000
 502  .1890  .0317  .0000  .0000      503  .1928  .0337  .0000  .0000
 504  .1925  .0358  .0000  .0000      505  .1924  .0377  .0000  .0000
 506  .1956  .0394  .0000  .0000      507  .1977  .0406  .0000  .0000
 508  .1953  .0412  .0000  .0000      509  .1941  .0409  .0000  .0000
 510  .1939  .0399  .0000  .0000      511  .1939  .0387  .0000  .0000
 512  .1913  .0377  .0000  .0000      513  .1900  .0371  .0000  .0000
 514  .1872  .0373  .0000  .0000      515  .1858  .0380  .0000  .0000
 516  .1744  .0392  .0000  .0000      517  .1688  .0405  .0000  .0000
 518  .1725  .0421  .0000  .0000      519  .1743  .0437  .0000  .0000
 520  .1828  .0454  .0000  .0000      521  .1862  .0471  .0000  .0000
 522  .1891  .0488  .0000  .0000      523  .1908  .0506  .0000  .0000
 524  .1922  .0523  .0000  .0000      525  .1873  .0541  .0000  .0000
 526  .1843  .0559  .0000  .0000      527  .1834  .0576  .0000  .0000
 528  .1830  .0594  .0000  .0000      529  .1921  .0611  .0000  .0000
 530  .1959  .0628  .0000  .0000      531  .1952  .0645  .0000  .0000
 532  .1948  .0662  .0000  .0000      533  .1872  .0677  .0000  .0000
 534  .1859  .0691  .0000  .0000      535  .1951  .0703  .0000  .0000
 536  .1941  .0711  .0000  .0000      537  .1861  .0715  .0000  .0000
 538  .1858  .0717  .0000  .0000      539  .1851  .0718  .0000  .0000
 540  .1840  .0721  .0000  .0000      541  .1819  .0727  .0000  .0000
 542  .1847  .0737  .0000  .0000      543  .1875  .0748  .0000  .0000
 544  .1893  .0761  .0000  .0000      545  .1911  .0774  .0000  .0000
 546  .1889  .0787  .0000  .0000      547  .1867  .0801  .0000  .0000
 548  .1875  .0814  .0000  .0000      549  .1883  .0826  .0000  .0000
 550  .1878  .0838  .0000  .0000      551  .1874  .0848  .0000  .0000
 552  .1870  .0858  .0000  .0000      553  .1869  .0867  .0000  .0000
 554  .1889  .0876  .0000  .0000      555  .1896  .0885  .0000  .0000
 556  .1840  .0895  .0000  .0000      557  .1826  .0907  .0000  .0000
 558  .1817  .0921  .0000  .0000      559  .1815  .0939  .0000  .0000
 560  .1823  .0959  .0000  .0000      561  .1824  .0980  .0000  .0000
 562  .1860  .1003  .0000  .0000      563  .1868  .1026  .0000  .0000
 564  .1848  .1049  .0000  .0000      565  .1844  .1072  .0000  .0000
 566  .1844  .1094  .0000  .0060      567  .1844  .1115  .0000  .0141
 568  .1852  .1135  .0000  .0224      569  .1853  .1151  .0000  .0297
 570  .1805  .1164  .0000  .0337      571  .1799  .1173  .0000  .0322
 572  .1884  .1181  .0000  .0274      573  .1894  .1186  .0000  .0215
 574  .1861  .1191  .0000  .0158      575  .1857  .1194  .0000  .0116
 576  .1857  .1195  .0000  .0104      577  .1857  .1193  .0000  .0106
 578  .1822  .1187  .0000  .0105      579  .1823  .1179  .0000  .0082
 580  .1852  .1169  .0000  .0002      581  .1853  .1159  .0000  .0000
 582  .1866  .1147  .0000  .0000      583  .1866  .1136  .0000  .0000
 584  .1861  .1124  .0000  .0000      585  .1859  .1113  .0000  .0026
 586  .1810  .1103  .0000  .1233      587  .1808  .1093  .0000  .2843
 588  .1765  .1086  .0000  .4539      589  .1765  .1082  .0000  .6053
 590  .1761  .1082  .0000  .7000      591  .1766  .1089  .0000  .6971
 592  .1797  .1102  .0000  .6357      593  .1797  .1117  .0000  .5493
 594  .1794  .1134  .0000  .4543      595  .1798  .1152  .0000  .3613
 596  .1818  .1170  .0000  .2779      597  .1810  .1188  .0000  .2019
 598  .1763  .1206  .0000  .1315      599  .1761  .1222  .0000  .0692
 600  .1752  .1236  .0000  .0226      601  .1747  .1247  .0000  .0218
 602  .1729  .1253  .0000  .0172      603  .1737  .1252  .0000  .0111
 604  .1772  .1246  .0000  .0005      605  .1768  .1238  .0000  .0003
 606  .1751  .1227  .0000  .0000      607  .1749  .1215  .0000  .0000
 608  .1742  .1203  .0000  .0000      609  .1734  .1190  .0000  .0000
 610  .1726  .1177  .0000  .0000      611  .1735  .1164  .0000  .0000
 612  .1744  .1150  .0000  .0000      613  .1726  .1136  .0000  .0000
 614  .1709  .1123  .0000  .0000      615  .1693  .1109  .0000  .0000
 616  .1677  .1096  .0000  .0000      617  .1705  .1082  .0000  .0000
 618  .1733  .1068  .0000  .0000      619  .1732  .1054  .0000  .0000
 620  .1731  .1041  .0000  .0000      621  .1717  .1027  .0000  .0000
 622  .1704  .1013  .0000  .0000      623  .1684  .1000  .0000  .0000
 624  .1666  .0986  .0000  .0000      625  .1669  .0972  .0000  .0000
 626  .1671  .0959  .0021  .0009      627  .1689  .0945  .0049  .0021
 628  .1701  .0931  .0078  .0033      629  .1674  .0917  .0103  .0043
 630  .1656  .0904  .0114  .0047      631  .1655  .0890  .0103  .0042
 632  .1654  .0876  .0078  .0031      633  .1654  .0863  .0049  .0018
 634  .1654  .0849  .0021  .0007      635  .1658  .0835  .0000  .0000
 636  .1661  .0822  .0000  .0001      637  .1662  .0808  .0000  .0007
 638  .1663  .0794  .0000  .0014      639  .1643  .0780  .0000  .0017
 640  .1630  .0767  .0000  .0011      641  .1622  .0753  .0000  .0000
 642  .1616  .0739  .0000  .0000      643  .1624  .0726  .0000  .0000
 644  .1629  .0712  .0000  .0000      645  .1619  .0699  .0000  .0111
 646  .1612  .0685  .0000  .0384      647  .1611  .0672  .0000  .0743
 648  .1610  .0659  .0000  .1122      649  .1582  .0647  .0000  .1473
 650  .1564  .0636  .0000  .1728      651  .1585  .0625  .0000  .1813
 652  .1600  .0615  .0000  .1791      653  .1599  .0606  .0000  .1714
 654  .1598  .0597  .0000  .1596      655  .1462  .0589  .0000  .1422
 656  .1371  .0580  .0000  .1169      657  .1377  .0572  .0000  .0874
 658  .1415  .0563  .0000  .0571      659  .1460  .0555  .0000  .0291
 660  .1505  .0547  .0000  .0080      661  .1548  .0538  .0000  .0000
 662  .1581  .0530  .0000  .0000      663  .1584  .0521  .0000  .0000
 664  .1576  .0513  .0000  .0000      665  .1566  .0505  .0000  .0011
 666  .1557  .0496  .0000  .0017      667  .1550  .0488  .0000  .0015
 668  .1543  .0479  .0000  .0011      669  .1537  .0471  .0000  .0005
 670  .1531  .0463  .0000  .0001      671  .1525  .0454  .0000  .0000
 672  .1519  .0446  .0000  .0000      673  .1512  .0437  .0000  .0000
 674  .1506  .0429  .0000  .0000      675  .1500  .0421  .0000  .0000
 676  .1494  .0412  .0000  .0000      677  .1488  .0404  .0000  .0000
 678  .1481  .0396  .0000  .0000      679  .1476  .0387  .0000  .0000
 680  .1472  .0379  .0000  .0004      681  .1469  .0370  .0000  .0006
 682  .1466  .0362  .0000  .0008      683  .1463  .0354  .0000  .0010
 684  .1460  .0345  .0000  .0014      685  .1457  .0337  .0000  .0017
 686  .1454  .0328  .0672  .0016      687  .1450  .0320  .8100  .0015
 688  .1447  .0312  .6500  .0014      689  .1444  .0303  .5052  .0013
 690  .1441  .0295  .3604  .0013      691  .1438  .0287  .3250  .0842
 692  .1435  .0278  .2480  .1961      693  .1432  .0270  .1566  .3173
 694  .1429  .0262  .0678  .4341      695  .1426  .0254  .0008  .5299
 696  .1423  .0245  .0000  .5878      697  .1420  .0238  .0000  .6207
 698  .1417  .0230  .0000  .6373      699  .1414  .0223  .0000  .6359
 700  .1411  .0216  .0000  .6020      701  .1390  .0218  .0     .9455
 702  .1390  .0213  .0     .8710      703  .1392  .0209  .0     .5273
 704  .1392  .0205  .0     .3023      705  .1419  .0201  .0     .4705
 706  .1419  .0196  .0     .5204      707  .1404  .0192  .0     .4462
 708  .1404  .0188  .0     .3871      709  .1388  .0183  .0     .2604
 710  .1388  .0179  .0     .3357      711  .1389  .0176  .0     .2872
 712  .1389  .0173  .0     .1677      713  .1377  .0169  .0     .2147
 714  .1377  .0166  .0     .2790      715  .1370  .0163  .0     .4151
 716  .1370  .0160  .0     .7285      717  .1357  .0157  .0    2.4542
 718  .1357  .0153  .0    4.3680      719  .1331  .0150  .0    5.3536
 720  .1331  .0147  .0    6.1262      721  .1334  .0144  .0    3.4151
 722  .1334  .0141  .0    1.0954      723  .1351  .0138  .0    1.6687
 724  .1351  .0135  .0    3.4132      725  .1353  .0132  .0    3.3999
 726  .1353  .0129  .0    3.3512      727  .1349  .0126  .0    3.4153
 728  .1349  .0123  .0    3.3778      729  .1322  .0120  .0    2.6346
 730  .1322  .0117  .0    2.9591      731  .1329  .0115  .0    2.8392
 732  .1329  .0114  .0    1.8086      733  .1321  .0112  .0     .8176
 734  .1321  .0110  .0     .5112      735  .1312  .0109  .0     .5277
 736  .1312  .0107  .0     .7465      737  .1310  .0105  .0     .6641
 738  .1310  .0103  .0     .4069      739  .1281  .0102  .0     .3187
 740  .1281  .0100  .0     .1986      741  .1261  .0100  .0     .1033
 742  .1261  .0099  .0     .0758      743  .1289  .0099  .0     .0434
 744  .1289  .0099  .0     .0178      745  .1282  .0099  .0     .0101
 746  .1282  .0098  .0     .0051      747  .1286  .0098  .0     .0033
 748  .1286  .0098  .0     .0016      749  .1273  .0097  .0     .0007
 750  .1273  .0097  .0     .0012      751  .1265  .0096  .0     .0014
 752  .1265  .0095  .0     .0004      753  .1262  .0095  .0     .0001
 754  .1262  .0094  .0     .0         755  .1258  .0093  .0     .0
 756  .1258  .0092  .0     .0         757  .1251  .0091  .0     .0
 758  .1251  .0091  .0026  .0         759  .1243  .0090  .9700  .0
 760  .1243  .0089 1.3825  .0         761  .1240  .0088 1.0726  .0
 762  .1240  .0087 3.2677  .0         763  .1244  .0086 5.3158  .0
 764  .1244  .0085 3.5553  .0         765  .1224  .0084 1.6778  .0
 766  .1224  .0082  .5357  .0         767  .1188  .0081  .1902  .0
 768  .1188  .0080  .0606  .0         769  .1206  .0079  .0157  .0
 770  .1206  .0078  .0037  .0         771  .1207  .0077  .0006  .0
 772  .1207  .0076  .0003  .0         773  .1211  .0075  .0001  .0
 774  .1211  .0074  .0     .0         775  .1191  .0074  .0     .0
 776  .1191  .0073  .0     .0         777  .1199  .0072  .0     .0
 778  .1199  .0071  .0     .0         779  .1190  .0070  .0     .0003
 780  .1190  .0069  .0     .0004      781  .1190  .0068  .0     .0002
 782  .1190  .0067  .0     .0002      783  .1179  .0066  .0     .0004
 784  .1179  .0065  .0     .0013      785  .1183  .0064  .0     .0053
 786  .1183  .0063  .0     .0200      787  .1180  .0062  .0     .0653
 788  .1180  .0061  .0     .1163      789  .1177  .0060  .0     .2411
 790  .1177  .0059  .0     .3152      791  .1161  .0058  .0     .2664
 792  .1161  .0057  .0     .2319      793  .1146  .0056  .0     .1582
 794  .1146  .0055  .0     .0658      795  .1137  .0055  .0     .1025
 796  .1137  .0054  .0     .3124      797  .1155  .0053  .0     .3232
 798  .1155  .0052  .0     .1579      799  .1138  .0051  .0     .1726
 800  .1138  .0050  .0     .2557      801  .1145  .0049  .0     .3035